ta-polyglot:
POS-acc-oov-avg	2000	5000	6329
nochar	0.642500	0.686250	0.696250
tagchar	0.640833	0.702917	0.720417
mchar	0.684167	0.715417	0.717083
bothchar	0.686250	0.707500	0.720833
fa-polyglot:
POS-acc-oov-avg	2000	5000	10000	20000	50000	100000	121064
nochar	0.769955	0.797010	0.801644	0.814051	0.827354	0.831839	0.840807
tagchar	0.774888	0.794768	0.816442	0.823617	0.845142	0.857848	0.860987
mchar	0.795964	0.813154	0.820179	0.821525	0.837519	0.848281	0.850374
bothchar	0.792825	0.818535	0.829746	0.837519	0.856652	0.863976	0.864723
ru-polyglot:
POS-acc-oov-avg	2000	5000	10000	20000	50000	79772
nochar	0.708289	0.770990	0.794398	0.801535	0.811665	0.811972
tagchar	0.705526	0.796393	0.832003	0.858097	0.908519	0.911742
mchar	0.809133	0.858250	0.874674	0.882272	0.889870	0.890714
bothchar	0.790023	0.864313	0.884958	0.895242	0.907214	0.912126
sv-polyglot:
POS-acc-oov-avg	2000	5000	10000	20000	50000	66645
nochar	0.767930	0.780411	0.793049	0.806635	0.821011	0.819747
tagchar	0.777725	0.816746	0.853712	0.872986	0.896998	0.901580
mchar	0.827488	0.843444	0.855924	0.862875	0.881991	0.885150
bothchar	0.837599	0.871248	0.894629	0.905529	0.910427	0.915798
he-polyglot:
POS-acc-oov-avg	2000	5000	10000	20000	50000	100000	135496
nochar	0.715043	0.804352	0.802649	0.798486	0.805676	0.838978	0.837465
tagchar	0.746263	0.828950	0.858278	0.883822	0.905771	0.913529	0.913150
mchar	0.757048	0.853737	0.875118	0.882119	0.896500	0.897635	0.899149
bothchar	0.765752	0.847304	0.887606	0.895553	0.909177	0.915799	0.916178
bg-polyglot:
POS-acc-oov-avg	2000	5000	10000	20000	50000
nochar	0.747923	0.795942	0.812077	0.829275	0.851208
tagchar	0.762222	0.843478	0.879227	0.900580	0.922319
mchar	0.814879	0.859130	0.872271	0.882319	0.889275
bothchar	0.809565	0.869758	0.882995	0.896135	0.911014
