da-polyglot:
POS-acc-oov-avg	2000	5000	10000	20000	50000	88980
nochar	0.743046	0.769272	0.796821	0.813510	0.832583	0.837086
tagchar	0.767417	0.816424	0.850861	0.873377	0.895629	0.908344
mchar	0.782252	0.809272	0.845298	0.853245	0.864106	0.860662
bothchar	0.779603	0.832583	0.874172	0.882914	0.890331	0.898013
en-polyglot:
POS-acc-oov-avg	2000	5000	10000	20000	50000	100000	204587
nochar	0.551173	0.608329	0.645093	0.663858	0.700527	0.688655	0.692389
tagchar	0.598085	0.697559	0.725419	0.755481	0.776544	0.787458	0.806127
mchar	0.652657	0.683389	0.705601	0.718047	0.729823	0.738152	0.742461
bothchar	0.654189	0.707037	0.727812	0.752034	0.767353	0.772714	0.788128
hu-polyglot:
POS-acc-oov-avg	2000	5000	10000	20000	33017
nochar	0.728000	0.783538	0.808154	0.825538	0.830615
tagchar	0.731385	0.802923	0.846308	0.886154	0.912000
mchar	0.808923	0.865077	0.890462	0.902462	0.901231
bothchar	0.782154	0.855538	0.895846	0.918000	0.929538
it-polyglot:
POS-acc-oov-avg	2000	5000	10000	20000	50000	100000	200000	289440
nochar	0.676065	0.756828	0.775624	0.805874	0.829662	0.841997	0.851982	0.836123
tagchar	0.703965	0.807930	0.845521	0.886344	0.913950	0.920705	0.927753	0.933040
mchar	0.761233	0.847577	0.868135	0.873421	0.885756	0.884581	0.892217	0.896916
bothchar	0.768869	0.860499	0.890162	0.895448	0.904552	0.905433	0.917474	0.917474
lv-polyglot:
POS-acc-oov-avg	2000	5000	10000	13781
nochar	0.643230	0.655139	0.687765	0.712398
tagchar	0.665416	0.713051	0.769984	0.787765
mchar	0.717129	0.745024	0.765090	0.771941
bothchar	0.720228	0.771615	0.807830	0.813214
tr-polyglot:
POS-acc-oov-avg	2000	5000	10000	20000	41748
nochar	0.702902	0.717887	0.729320	0.733131	0.734257
tagchar	0.709485	0.742139	0.767865	0.815678	0.842789
mchar	0.757038	0.772542	0.782243	0.790819	0.793850
bothchar	0.748203	0.789693	0.800780	0.813859	0.827977
vi-polyglot:
POS-acc-oov-avg	2000	5000	10000	20000	31800
nochar	0.561538	0.507240	0.545023	0.615385	0.622398
tagchar	0.547511	0.498643	0.576923	0.637104	0.646380
mchar	0.568778	0.549321	0.576244	0.611086	0.625339
bothchar	0.544796	0.535973	0.606335	0.631222	0.660860
