da-polyglot:
POS-acc-avg	2000	5000	10000	20000	50000	88980
nochar	0.831823	0.889267	0.912709	0.930596	0.947087	0.956865
tagchar	0.830221	0.899591	0.926133	0.943066	0.960409	0.968382
mchar	0.837717	0.900886	0.924770	0.938262	0.954344	0.961738
bothchar	0.839284	0.901397	0.930698	0.945758	0.959796	0.966814
Att-F1-avg	2000	5000	10000	20000	50000	88980
nochar	0.680053	0.777339	0.836430	0.873901	0.914183	0.930293
tagchar	0.686219	0.778095	0.866481	0.921504	0.951000	0.962665
mchar	0.702738	0.797911	0.857366	0.887280	0.931637	0.942405
bothchar	0.696997	0.792728	0.875678	0.927405	0.953346	0.965268
POS-acc-std	2000	5000	10000	20000	50000	88980
nochar	0.010700	0.004957	0.002003	0.000832	0.001818	0.000765
tagchar	0.012598	0.002718	0.002695	0.002890	0.001766	0.000426
mchar	0.012692	0.003487	0.002006	0.002673	0.002211	0.001128
bothchar	0.014603	0.004183	0.002845	0.001026	0.001516	0.000613
Att-F1-std	2000	5000	10000	20000	50000	88980
nochar	0.012733	0.006789	0.005452	0.004056	0.003006	0.002974
tagchar	0.006568	0.010196	0.011494	0.005197	0.001802	0.001127
mchar	0.006014	0.003109	0.004323	0.005308	0.001220	0.001543
bothchar	0.007789	0.007629	0.003921	0.002870	0.001900	0.001665
en-polyglot:
POS-acc-avg	2000	5000	10000	20000	50000	100000	204587
nochar	0.813798	0.863440	0.889144	0.904660	0.919143	0.925481	0.932583
tagchar	0.823628	0.876770	0.897996	0.916049	0.928988	0.937681	0.944250
mchar	0.823883	0.872356	0.893423	0.910220	0.923946	0.931303	0.937355
bothchar	0.828845	0.877509	0.900668	0.915779	0.930229	0.936846	0.943145
Att-F1-avg	2000	5000	10000	20000	50000	100000	204587
nochar	0.714459	0.817126	0.891052	0.917099	0.934939	0.943918	0.949759
tagchar	0.718779	0.838757	0.899532	0.931629	0.945261	0.953001	0.958247
mchar	0.714713	0.830504	0.896723	0.922913	0.938300	0.947443	0.952784
bothchar	0.710739	0.845057	0.893762	0.928415	0.945196	0.952232	0.958139
POS-acc-std	2000	5000	10000	20000	50000	100000	204587
nochar	0.007920	0.003579	0.003030	0.002349	0.000938	0.001459	0.000960
tagchar	0.006536	0.002019	0.002500	0.001374	0.000924	0.000901	0.000537
mchar	0.003237	0.002339	0.001857	0.000746	0.001424	0.001057	0.000691
bothchar	0.004634	0.001690	0.001000	0.001566	0.001189	0.000972	0.000595
Att-F1-std	2000	5000	10000	20000	50000	100000	204587
nochar	0.017009	0.016757	0.004128	0.001985	0.001660	0.000697	0.000525
tagchar	0.008113	0.012287	0.005549	0.000508	0.001192	0.000667	0.000960
mchar	0.007696	0.009739	0.003079	0.001752	0.001927	0.000806	0.000743
bothchar	0.007323	0.011773	0.012139	0.000749	0.000775	0.000907	0.000859
hu-polyglot:
POS-acc-avg	2000	5000	10000	20000	33017
nochar	0.767915	0.859276	0.896340	0.919682	0.931730
tagchar	0.765405	0.871575	0.911818	0.939678	0.956285
mchar	0.812048	0.892491	0.926124	0.945576	0.952855
bothchar	0.786823	0.892115	0.925790	0.951475	0.960218
Att-F1-avg	2000	5000	10000	20000	33017
nochar	0.710601	0.747767	0.770210	0.782899	0.805401
tagchar	0.702626	0.753009	0.793791	0.831021	0.881378
mchar	0.731655	0.769282	0.794674	0.814544	0.829132
bothchar	0.723032	0.772713	0.800273	0.840105	0.881402
POS-acc-std	2000	5000	10000	20000	33017
nochar	0.006780	0.010495	0.002873	0.002901	0.002677
tagchar	0.013967	0.004189	0.003727	0.002564	0.001083
mchar	0.013835	0.006778	0.001905	0.002147	0.001465
bothchar	0.008860	0.008269	0.002556	0.001497	0.000484
Att-F1-std	2000	5000	10000	20000	33017
nochar	0.002678	0.006813	0.002890	0.010005	0.004923
tagchar	0.008403	0.007982	0.006317	0.010029	0.004341
mchar	0.005754	0.003766	0.002744	0.005884	0.008782
bothchar	0.007111	0.002345	0.010069	0.006587	0.007548
it-polyglot:
POS-acc-avg	2000	5000	10000	20000	50000	100000	200000	289440
nochar	0.839264	0.908598	0.930153	0.944254	0.956506	0.962128	0.968501	0.968977
tagchar	0.833513	0.913085	0.938266	0.953393	0.964875	0.971156	0.975588	0.976577
mchar	0.853292	0.918982	0.939749	0.950133	0.961560	0.966358	0.972237	0.973977
bothchar	0.852321	0.920795	0.941782	0.953777	0.963282	0.968226	0.974709	0.976083
Att-F1-avg	2000	5000	10000	20000	50000	100000	200000	289440
nochar	0.820472	0.896264	0.922682	0.935914	0.951372	0.962026	0.970045	0.971845
tagchar	0.793251	0.896051	0.929439	0.945832	0.965715	0.976239	0.981658	0.982989
mchar	0.814770	0.904260	0.930275	0.943047	0.957428	0.968550	0.975119	0.976538
bothchar	0.848732	0.888385	0.934936	0.947447	0.965795	0.974770	0.980856	0.982284
POS-acc-std	2000	5000	10000	20000	50000	100000	200000	289440
nochar	0.007792	0.003354	0.001826	0.001134	0.001584	0.001435	0.000366	0.000701
tagchar	0.016250	0.002567	0.001405	0.001100	0.000727	0.001483	0.000504	0.000541
mchar	0.012137	0.002186	0.002612	0.000787	0.001399	0.000862	0.000676	0.000475
bothchar	0.014424	0.001949	0.001833	0.000881	0.001655	0.001132	0.000958	0.000669
Att-F1-std	2000	5000	10000	20000	50000	100000	200000	289440
nochar	0.034602	0.003058	0.002457	0.000699	0.001126	0.000407	0.000723	0.001077
tagchar	0.025561	0.015077	0.004344	0.000927	0.001733	0.001306	0.000349	0.000791
mchar	0.034720	0.004984	0.002248	0.001046	0.001081	0.000345	0.000309	0.000418
bothchar	0.027530	0.040640	0.000563	0.001240	0.001111	0.000765	0.000493	0.000314
lv-polyglot:
POS-acc-avg	2000	5000	10000	13781
nochar	0.731868	0.810604	0.857692	0.876484
tagchar	0.738187	0.833956	0.885824	0.900330
mchar	0.760879	0.843407	0.888022	0.896703
bothchar	0.761593	0.853791	0.900275	0.910549
Att-F1-avg	2000	5000	10000	13781
nochar	0.539829	0.599048	0.644635	0.663818
tagchar	0.559985	0.632183	0.725930	0.767227
mchar	0.549586	0.606874	0.662360	0.680130
bothchar	0.580568	0.640480	0.738591	0.777723
POS-acc-std	2000	5000	10000	13781
nochar	0.008872	0.007460	0.004574	0.006780
tagchar	0.008302	0.005637	0.006912	0.002109
mchar	0.007430	0.007162	0.004342	0.001265
bothchar	0.005813	0.005782	0.002156	0.004006
Att-F1-std	2000	5000	10000	13781
nochar	0.003378	0.007440	0.004646	0.003631
tagchar	0.006116	0.008606	0.014485	0.004744
mchar	0.004751	0.007612	0.005551	0.005521
bothchar	0.011236	0.006555	0.004001	0.011790
tr-polyglot:
POS-acc-avg	2000	5000	10000	20000	41748
nochar	0.737596	0.825102	0.858043	0.881767	0.898599
tagchar	0.746882	0.836828	0.872594	0.906078	0.929417
mchar	0.767239	0.846995	0.878513	0.899684	0.916855
bothchar	0.753909	0.854790	0.883597	0.906462	0.927090
Att-F1-avg	2000	5000	10000	20000	41748
nochar	0.657740	0.699642	0.730402	0.761326	0.783360
tagchar	0.677974	0.745106	0.813230	0.888296	0.919201
mchar	0.690868	0.743351	0.777911	0.812702	0.839000
bothchar	0.698074	0.771027	0.835391	0.883841	0.914928
POS-acc-std	2000	5000	10000	20000	41748
nochar	0.015742	0.006111	0.003349	0.001814	0.001550
tagchar	0.008562	0.004288	0.001844	0.003912	0.002082
mchar	0.021975	0.003039	0.002986	0.002142	0.002817
bothchar	0.009544	0.004409	0.002489	0.002094	0.001698
Att-F1-std	2000	5000	10000	20000	41748
nochar	0.006193	0.005220	0.002136	0.004227	0.002978
tagchar	0.007466	0.006215	0.005165	0.003945	0.002216
mchar	0.005508	0.004178	0.002660	0.002651	0.002962
bothchar	0.005645	0.004162	0.006817	0.002071	0.002130
vi-polyglot:
POS-acc-avg	2000	5000	10000	20000	31800
nochar	0.785360	0.816741	0.847366	0.876547	0.884720
tagchar	0.780043	0.812473	0.854390	0.878122	0.887937
mchar	0.791695	0.825209	0.852093	0.876317	0.885245
bothchar	0.785787	0.819629	0.859609	0.878155	0.891810
Att-F1-avg	2000	5000	10000	20000	31800
nochar	0.000000	0.000000	0.000000	0.000000	0.000000
tagchar	0.000000	0.000000	0.000000	0.000000	0.000000
mchar	0.000000	0.000000	0.000000	0.000000	0.000000
bothchar	0.000000	0.000000	0.000000	0.000000	0.000000
POS-acc-std	2000	5000	10000	20000	31800
nochar	0.012003	0.005740	0.007386	0.002186	0.001364
tagchar	0.004010	0.007760	0.008129	0.004587	0.002885
mchar	0.004514	0.007402	0.004986	0.001379	0.001339
bothchar	0.005924	0.011714	0.007434	0.003453	0.002003
Att-F1-std	2000	5000	10000	20000	31800
nochar	0.000000	0.000000	0.000000	0.000000	0.000000
tagchar	0.000000	0.000000	0.000000	0.000000	0.000000
mchar	0.000000	0.000000	0.000000	0.000000	0.000000
bothchar	0.000000	0.000000	0.000000	0.000000	0.000000
