ta-polyglot:
POS-acc-avg	2000	5000	6329
nochar	0.700079	0.820586	0.831671
tagchar	0.709105	0.824228	0.841964
mchar	0.739034	0.830245	0.843230
bothchar	0.724782	0.821853	0.848773
Att-F1-avg	2000	5000	6329
nochar	0.751215	0.807010	0.825996
tagchar	0.743111	0.836512	0.851743
mchar	0.745718	0.811705	0.827622
bothchar	0.753038	0.839001	0.853775
POS-acc-std	2000	5000	6329
nochar	0.017007	0.006226	0.005384
tagchar	0.017155	0.008601	0.003962
mchar	0.003898	0.008403	0.005082
bothchar	0.013140	0.004881	0.004278
Att-F1-std	2000	5000	6329
nochar	0.003342	0.004820	0.002321
tagchar	0.006402	0.005925	0.002128
mchar	0.003093	0.006294	0.002355
bothchar	0.009871	0.002353	0.001185
fa-polyglot:
POS-acc-avg	2000	5000	10000	20000	50000	100000	121064
nochar	0.871450	0.925366	0.943355	0.951516	0.960978	0.967408	0.968949
tagchar	0.864894	0.928259	0.942850	0.952716	0.963479	0.970503	0.970781
mchar	0.878398	0.928550	0.944505	0.952653	0.962721	0.968759	0.970263
bothchar	0.870629	0.931860	0.945149	0.953739	0.964174	0.969745	0.971539
Att-F1-avg	2000	5000	10000	20000	50000	100000	121064
nochar	0.740665	0.780186	0.851761	0.902594	0.930823	0.949449	0.952420
tagchar	0.734707	0.785302	0.870276	0.923680	0.953686	0.965944	0.968011
mchar	0.740486	0.790793	0.868540	0.909307	0.936068	0.953249	0.955694
bothchar	0.730954	0.801251	0.877184	0.924807	0.954334	0.966045	0.968480
POS-acc-std	2000	5000	10000	20000	50000	100000	121064
nochar	0.012359	0.003098	0.002732	0.001181	0.000943	0.000493	0.000372
tagchar	0.017068	0.001583	0.001092	0.000730	0.001271	0.000373	0.000702
mchar	0.015383	0.000581	0.001321	0.001080	0.000596	0.000767	0.000501
bothchar	0.008945	0.002898	0.003679	0.000520	0.000316	0.000346	0.000295
Att-F1-std	2000	5000	10000	20000	50000	100000	121064
nochar	0.003781	0.005875	0.014509	0.003150	0.003849	0.000989	0.000947
tagchar	0.005553	0.008446	0.013234	0.002998	0.001129	0.000679	0.000558
mchar	0.009591	0.011593	0.004534	0.003063	0.000806	0.000860	0.000819
bothchar	0.009053	0.013273	0.017622	0.001464	0.002592	0.000796	0.000498
ru-polyglot:
POS-acc-avg	2000	5000	10000	20000	50000	79772
nochar	0.783951	0.846894	0.880964	0.899841	0.917324	0.924572
tagchar	0.790840	0.863082	0.899841	0.928076	0.950717	0.956989
mchar	0.823357	0.883393	0.911111	0.932159	0.945719	0.951951
bothchar	0.816567	0.889148	0.918061	0.938431	0.953007	0.958702
Att-F1-avg	2000	5000	10000	20000	50000	79772
nochar	0.679452	0.756894	0.805851	0.848806	0.881011	0.889664
tagchar	0.685886	0.761393	0.819896	0.879984	0.920404	0.929635
mchar	0.709206	0.790499	0.843602	0.875058	0.901970	0.912015
bothchar	0.710174	0.792211	0.849957	0.896908	0.924925	0.933090
POS-acc-std	2000	5000	10000	20000	50000	79772
nochar	0.010717	0.003252	0.002372	0.003479	0.001001	0.000865
tagchar	0.017913	0.001671	0.001931	0.003775	0.001181	0.000804
mchar	0.007930	0.003405	0.002065	0.000490	0.000976	0.001207
bothchar	0.010205	0.003499	0.003775	0.001323	0.000766	0.000954
Att-F1-std	2000	5000	10000	20000	50000	79772
nochar	0.009431	0.003093	0.003301	0.002309	0.001492	0.001316
tagchar	0.011278	0.011859	0.005141	0.004158	0.001244	0.000999
mchar	0.006725	0.008712	0.006079	0.001982	0.001602	0.000822
bothchar	0.014237	0.008351	0.009086	0.002271	0.001675	0.001325
sv-polyglot:
POS-acc-avg	2000	5000	10000	20000	50000	66645
nochar	0.845075	0.897071	0.916852	0.928733	0.942146	0.945391
tagchar	0.839726	0.911769	0.930836	0.943779	0.956272	0.958620
mchar	0.858610	0.914831	0.930897	0.941145	0.954639	0.957191
bothchar	0.874084	0.921405	0.939267	0.950026	0.960171	0.962580
Att-F1-avg	2000	5000	10000	20000	50000	66645
nochar	0.725849	0.790057	0.835727	0.869153	0.913829	0.924721
tagchar	0.719585	0.811782	0.870670	0.925534	0.955030	0.960667
mchar	0.745656	0.822583	0.860651	0.901721	0.936558	0.943575
bothchar	0.752200	0.826688	0.892117	0.935814	0.960258	0.964435
POS-acc-std	2000	5000	10000	20000	50000	66645
nochar	0.010250	0.005560	0.002626	0.001397	0.000675	0.001185
tagchar	0.011299	0.001219	0.002927	0.002059	0.000587	0.000572
mchar	0.004904	0.002837	0.001676	0.001336	0.000872	0.000768
bothchar	0.010310	0.003523	0.001943	0.002112	0.000597	0.000914
Att-F1-std	2000	5000	10000	20000	50000	66645
nochar	0.011834	0.005961	0.005122	0.002612	0.001721	0.001624
tagchar	0.004175	0.006112	0.003817	0.002302	0.001253	0.000897
mchar	0.005923	0.002488	0.002879	0.002691	0.001805	0.001178
bothchar	0.014005	0.004295	0.008902	0.001060	0.001364	0.001236
he-polyglot:
POS-acc-avg	2000	5000	10000	20000	50000	100000	135496
nochar	0.819761	0.903667	0.927630	0.941873	0.950988	0.959462	0.963254
tagchar	0.801958	0.909560	0.936105	0.949546	0.963824	0.969272	0.970945
mchar	0.831031	0.911519	0.933808	0.949902	0.961385	0.966993	0.969112
bothchar	0.822450	0.908759	0.936140	0.950739	0.963343	0.970055	0.971604
Att-F1-avg	2000	5000	10000	20000	50000	100000	135496
nochar	0.609865	0.672442	0.758750	0.837363	0.885376	0.904802	0.910389
tagchar	0.607062	0.714388	0.784386	0.882744	0.911445	0.933649	0.940657
mchar	0.621743	0.715124	0.783173	0.848335	0.893846	0.911105	0.917453
bothchar	0.611811	0.686295	0.794992	0.883163	0.911088	0.932842	0.943788
POS-acc-std	2000	5000	10000	20000	50000	100000	135496
nochar	0.017118	0.002753	0.001825	0.002742	0.000769	0.000873	0.001132
tagchar	0.018840	0.003359	0.001454	0.001588	0.001443	0.001078	0.000341
mchar	0.012797	0.003515	0.002575	0.001063	0.002128	0.001199	0.000708
bothchar	0.009496	0.003285	0.001293	0.000470	0.001245	0.000752	0.000996
Att-F1-std	2000	5000	10000	20000	50000	100000	135496
nochar	0.003609	0.024111	0.028255	0.006882	0.003709	0.001486	0.001765
tagchar	0.011715	0.034701	0.043479	0.002053	0.001749	0.002106	0.002683
mchar	0.002688	0.023440	0.004900	0.012178	0.001073	0.000869	0.001263
bothchar	0.009981	0.026164	0.030597	0.003778	0.001688	0.000972	0.000812
bg-polyglot:
POS-acc-avg	2000	5000	10000	20000	50000
nochar	0.827882	0.901248	0.929204	0.942946	0.955980
tagchar	0.840581	0.920564	0.945329	0.959667	0.972689
mchar	0.856756	0.925343	0.945168	0.957731	0.967960
bothchar	0.862926	0.928794	0.949823	0.961231	0.972925
Att-F1-avg	2000	5000	10000	20000	50000
nochar	0.681997	0.749516	0.810121	0.850102	0.887303
tagchar	0.681773	0.779841	0.856818	0.905166	0.937282
mchar	0.707245	0.799823	0.850822	0.878962	0.908747
bothchar	0.705555	0.806172	0.871947	0.910420	0.942082
POS-acc-std	2000	5000	10000	20000	50000
nochar	0.003844	0.003542	0.000930	0.000571	0.001269
tagchar	0.005791	0.001544	0.001258	0.001822	0.000459
mchar	0.005010	0.002672	0.001816	0.001142	0.001271
bothchar	0.010646	0.004332	0.001807	0.001621	0.000448
Att-F1-std	2000	5000	10000	20000	50000
nochar	0.010433	0.011216	0.005291	0.003177	0.002787
tagchar	0.005440	0.003806	0.008309	0.003142	0.002452
mchar	0.023541	0.007663	0.003936	0.001585	0.000624
bothchar	0.014836	0.006879	0.009013	0.001462	0.001365
