hu-polyglot:
POS-acc-avg	2000	5000	10000	20000
nochar	0.767915	0.859276	0.896340	0.919682	0.931730
tagchar	0.765405	0.871575	0.911818	0.939678	0.956285
mbochar	0.797072	0.887178	0.925037	0.942648
bothbochar	0.789207	0.896256	0.925204	0.948797
Att-F1-avg	2000	5000	10000	20000
nochar	0.710601	0.747767	0.770210	0.782899	0.805401
tagchar	0.702626	0.753009	0.793791	0.831021	0.881378
mbochar	0.721384	0.771846	0.793655	0.812482
bothbochar	0.719267	0.772861	0.802985	0.839754
POS-acc-std	2000	5000	10000	20000
nochar	0.006780	0.010495	0.002873	0.002901	0.002677
tagchar	0.013967	0.004189	0.003727	0.002564	0.001083
mbochar	0.009141	0.005752	0.003926	0.001782
bothbochar	0.004213	0.003147	0.003209	0.002522
Att-F1-std	2000	5000	10000	20000
nochar	0.002678	0.006813	0.002890	0.010005	0.004923
tagchar	0.008403	0.007982	0.006317	0.010029	0.004341
mbochar	0.005938	0.002793	0.000490	0.005134
bothbochar	0.009939	0.000969	0.004636	0.009707
da-polyglot:
POS-acc-avg	2000	5000	10000	20000	50000	88980
nochar	0.831823	0.889267	0.912709	0.930596	0.947087	0.956865
tagchar	0.830221	0.899591	0.926133	0.943066	0.960409	0.968382
mbochar	0.845043	0.905622	0.923578	0.937274	0.953969	0.962998
bothbochar	0.839523	0.905486	0.929710	0.944838	0.960307	0.968518
Att-F1-avg	2000	5000	10000	20000	50000	88980
nochar	0.680053	0.777339	0.836430	0.873901	0.914183	0.930293
tagchar	0.686219	0.778095	0.866481	0.921504	0.951000	0.962665
mbochar	0.703148	0.785537	0.858255	0.895769	0.931975	0.946933
bothbochar	0.689886	0.793923	0.876405	0.924856	0.955849	0.965533
POS-acc-std	2000	5000	10000	20000	50000	88980
nochar	0.010700	0.004957	0.002003	0.000832	0.001818	0.000765
tagchar	0.012598	0.002718	0.002695	0.002890	0.001766	0.000426
mbochar	0.011934	0.003132	0.003469	0.001967	0.000823	0.000659
bothbochar	0.013520	0.004545	0.002505	0.001451	0.000746	0.000543
Att-F1-std	2000	5000	10000	20000	50000	88980
nochar	0.012733	0.006789	0.005452	0.004056	0.003006	0.002974
tagchar	0.006568	0.010196	0.011494	0.005197	0.001802	0.001127
mbochar	0.012072	0.008393	0.005827	0.001987	0.001325	0.002868
bothbochar	0.014260	0.010384	0.007384	0.004123	0.000885	0.001779
lv-polyglot:
POS-acc-avg	2000	5000	10000	13781
nochar	0.731868	0.810604	0.857692	0.876484
tagchar	0.738187	0.833956	0.885824	0.900330
mbochar	0.769066	0.847363	0.890934	0.903187
bothbochar	0.762473	0.855714	0.906099	0.914451
Att-F1-avg	2000	5000	10000	13781
nochar	0.539829	0.599048	0.644635	0.663818
tagchar	0.559985	0.632183	0.725930	0.767227
mbochar	0.554128	0.609903	0.661150	0.681449
bothbochar	0.578308	0.638474	0.735539	0.775641
POS-acc-std	2000	5000	10000	13781
nochar	0.008872	0.007460	0.004574	0.006780
tagchar	0.008302	0.005637	0.006912	0.002109
mbochar	0.012437	0.006142	0.005184	0.002263
bothbochar	0.010737	0.002502	0.003196	0.001690
Att-F1-std	2000	5000	10000	13781
nochar	0.003378	0.007440	0.004646	0.003631
tagchar	0.006116	0.008606	0.014485	0.004744
mbochar	0.006828	0.005865	0.001859	0.006635
bothbochar	0.008351	0.008584	0.007751	0.007480
en-polyglot:
POS-acc-avg	2000	5000	10000	20000	50000	100000	204587
nochar	0.813798	0.863440	0.889144	0.904660	0.919143	0.925481	0.932583
tagchar	0.823628	0.876770	0.897996	0.916049	0.928988	0.937681	0.944250
mbochar	0.821640	0.876117	0.898067	0.910013	0.924026	0.932154	0.937880
bothbochar	0.828273	0.879179	0.899801	0.916041	0.928925	0.938198	0.943598
Att-F1-avg	2000	5000	10000	20000	50000	100000	204587
nochar	0.714459	0.817126	0.891052	0.917099	0.934939	0.943918	0.949759
tagchar	0.718779	0.838757	0.899532	0.931629	0.945261	0.953001	0.958247
mbochar	0.708284	0.824658	0.892158	0.922038	0.936995	0.947101	0.953402
bothbochar	0.713469	0.832890	0.907700	0.929761	0.945276	0.953977	0.959677
POS-acc-std	2000	5000	10000	20000	50000	100000	204587
nochar	0.007920	0.003579	0.003030	0.002349	0.000938	0.001459	0.000960
tagchar	0.006536	0.002019	0.002500	0.001374	0.000924	0.000901	0.000537
mbochar	0.005183	0.001180	0.002125	0.001101	0.001033	0.000847	0.000499
bothbochar	0.005390	0.003230	0.001428	0.000595	0.001754	0.001491	0.000580
Att-F1-std	2000	5000	10000	20000	50000	100000	204587
nochar	0.017009	0.016757	0.004128	0.001985	0.001660	0.000697	0.000525
tagchar	0.008113	0.012287	0.005549	0.000508	0.001192	0.000667	0.000960
mbochar	0.004476	0.013594	0.011198	0.001359	0.001384	0.000833	0.000847
bothbochar	0.004509	0.026392	0.002595	0.001170	0.002279	0.000901	0.000417
