ta-polyglot:
POS-acc-avg	2000	5000	6329
nochar	0.707205	0.816785	0.828820
tagchar	0.709897	0.825337	0.839430
mchar	0.739034	0.830245	0.843230
bothchar	0.724782	0.821853	0.848773
Att-F1-avg	2000	5000	6329
nochar	0.749001	0.815122	0.823739
tagchar	0.746533	0.838255	0.851170
mchar	0.745718	0.811705	0.827622
bothchar	0.753038	0.839001	0.853775
POS-acc-std	2000	5000	6329
nochar	0.021159	0.005097	0.004050
tagchar	0.014758	0.007505	0.007142
mchar	0.003898	0.008403	0.005082
bothchar	0.013140	0.004881	0.004278
Att-F1-std	2000	5000	6329
nochar	0.004978	0.007794	0.003322
tagchar	0.005986	0.001992	0.002842
mchar	0.003093	0.006294	0.002355
bothchar	0.009871	0.002353	0.001185
fa-polyglot:
POS-acc-avg	2000	5000	10000	20000	50000	100000	121064
nochar	0.866258	0.928019	0.943267	0.952779	0.962127	0.967054	0.968785
tagchar	0.858325	0.929624	0.944669	0.954270	0.964262	0.970263	0.971084
mchar	0.878398	0.928550	0.944505	0.952653	0.962721	0.968759	0.970263
bothchar	0.870629	0.931860	0.945149	0.953739	0.964174	0.969745	0.971539
Att-F1-avg	2000	5000	10000	20000	50000	100000	121064
nochar	0.728785	0.780820	0.851901	0.903836	0.934295	0.949255	0.952824
tagchar	0.734954	0.786013	0.855536	0.923876	0.954602	0.966169	0.967394
mchar	0.740486	0.790793	0.868540	0.909307	0.936068	0.953249	0.955694
bothchar	0.730954	0.801251	0.877184	0.924807	0.954334	0.966045	0.968480
POS-acc-std	2000	5000	10000	20000	50000	100000	121064
nochar	0.013182	0.001674	0.001828	0.001493	0.001203	0.000420	0.001076
tagchar	0.020059	0.000864	0.001444	0.000660	0.000579	0.000678	0.000472
mchar	0.015383	0.000581	0.001321	0.001080	0.000596	0.000767	0.000501
bothchar	0.008945	0.002898	0.003679	0.000520	0.000316	0.000346	0.000295
Att-F1-std	2000	5000	10000	20000	50000	100000	121064
nochar	0.010688	0.001954	0.008865	0.003588	0.001543	0.000934	0.000331
tagchar	0.004970	0.009623	0.017123	0.002480	0.002357	0.000785	0.000524
mchar	0.009591	0.011593	0.004534	0.003063	0.000806	0.000860	0.000819
bothchar	0.009053	0.013273	0.017622	0.001464	0.002592	0.000796	0.000498
ru-polyglot:
POS-acc-avg	2000	5000	10000	20000	50000	79772
nochar	0.785524	0.853883	0.882557	0.902648	0.919853	0.926304
tagchar	0.788969	0.864894	0.899761	0.924791	0.953007	0.958084
mchar	0.823357	0.883393	0.911111	0.932159	0.945719	0.951951
bothchar	0.816567	0.889148	0.918061	0.938431	0.953007	0.958702
Att-F1-avg	2000	5000	10000	20000	50000	79772
nochar	0.683370	0.755368	0.808464	0.849201	0.883291	0.892966
tagchar	0.674624	0.759936	0.828354	0.883359	0.923738	0.930962
mchar	0.709206	0.790499	0.843602	0.875058	0.901970	0.912015
bothchar	0.710174	0.792211	0.849957	0.896908	0.924925	0.933090
POS-acc-std	2000	5000	10000	20000	50000	79772
nochar	0.011939	0.002324	0.001857	0.001757	0.001425	0.001327
tagchar	0.011887	0.004201	0.002876	0.002616	0.002065	0.000362
mchar	0.007930	0.003405	0.002065	0.000490	0.000976	0.001207
bothchar	0.010205	0.003499	0.003775	0.001323	0.000766	0.000954
Att-F1-std	2000	5000	10000	20000	50000	79772
nochar	0.009838	0.006281	0.004207	0.004015	0.000526	0.000749
tagchar	0.011669	0.006626	0.008287	0.003915	0.001579	0.001245
mchar	0.006725	0.008712	0.006079	0.001982	0.001602	0.000822
bothchar	0.014237	0.008351	0.009086	0.002271	0.001675	0.001325
sv-polyglot:
POS-acc-avg	2000	5000	10000	20000	50000	66645
nochar	0.825967	0.900827	0.918383	0.930775	0.944473	0.945943
tagchar	0.842258	0.908952	0.934102	0.943840	0.956436	0.959232
mchar	0.858610	0.914831	0.930897	0.941145	0.954639	0.957191
bothchar	0.874084	0.921405	0.939267	0.950026	0.960171	0.962580
Att-F1-avg	2000	5000	10000	20000	50000	66645
nochar	0.734891	0.789979	0.837624	0.875550	0.916388	0.924362
tagchar	0.715364	0.812858	0.868978	0.924853	0.957408	0.961031
mchar	0.745656	0.822583	0.860651	0.901721	0.936558	0.943575
bothchar	0.752200	0.826688	0.892117	0.935814	0.960258	0.964435
POS-acc-std	2000	5000	10000	20000	50000	66645
nochar	0.008670	0.003204	0.001424	0.000794	0.000942	0.001058
tagchar	0.008507	0.005724	0.002628	0.002729	0.000888	0.000486
mchar	0.004904	0.002837	0.001676	0.001336	0.000872	0.000768
bothchar	0.010310	0.003523	0.001943	0.002112	0.000597	0.000914
Att-F1-std	2000	5000	10000	20000	50000	66645
nochar	0.007434	0.009557	0.003483	0.004868	0.000977	0.000952
tagchar	0.003903	0.005688	0.003028	0.001818	0.001382	0.000971
mchar	0.005923	0.002488	0.002879	0.002691	0.001805	0.001178
bothchar	0.014005	0.004295	0.008902	0.001060	0.001364	0.001236
he-polyglot:
POS-acc-avg	2000	5000	10000	20000	50000	100000	135496
nochar	0.821310	0.902884	0.924248	0.939024	0.951860	0.960655	0.962916
tagchar	0.817483	0.908795	0.931440	0.950045	0.962809	0.968738	0.971746
mchar	0.831031	0.911519	0.933808	0.949902	0.961385	0.966993	0.969112
bothchar	0.822450	0.908759	0.936140	0.950739	0.963343	0.970055	0.971604
Att-F1-avg	2000	5000	10000	20000	50000	100000	135496
nochar	0.624359	0.691124	0.769341	0.840084	0.884561	0.905062	0.912439
tagchar	0.611178	0.680547	0.803335	0.882792	0.908419	0.932719	0.944260
mchar	0.621743	0.715124	0.783173	0.848335	0.893846	0.911105	0.917453
bothchar	0.611811	0.686295	0.794992	0.883163	0.911088	0.932842	0.943788
POS-acc-std	2000	5000	10000	20000	50000	100000	135496
nochar	0.013167	0.002319	0.002468	0.001742	0.000760	0.001910	0.002096
tagchar	0.023184	0.003848	0.004275	0.001823	0.001177	0.001670	0.000686
mchar	0.012797	0.003515	0.002575	0.001063	0.002128	0.001199	0.000708
bothchar	0.009496	0.003285	0.001293	0.000470	0.001245	0.000752	0.000996
Att-F1-std	2000	5000	10000	20000	50000	100000	135496
nochar	0.020137	0.032949	0.006593	0.009652	0.001455	0.000895	0.001226
tagchar	0.014872	0.014965	0.034683	0.005607	0.002017	0.002544	0.001241
mchar	0.002688	0.023440	0.004900	0.012178	0.001073	0.000869	0.001263
bothchar	0.009981	0.026164	0.030597	0.003778	0.001688	0.000972	0.000812
bg-polyglot:
POS-acc-avg	2000	5000	10000	20000	50000
nochar	0.838446	0.905319	0.929464	0.944423	0.957383
tagchar	0.847856	0.917833	0.947626	0.960847	0.974303
mchar	0.856756	0.925343	0.945168	0.957731	0.967960
bothchar	0.862926	0.928794	0.949823	0.961231	0.972925
Att-F1-avg	2000	5000	10000	20000	50000
nochar	0.680368	0.773146	0.811385	0.858399	0.890925
tagchar	0.689571	0.788062	0.858376	0.908909	0.940649
mchar	0.707245	0.799823	0.850822	0.878962	0.908747
bothchar	0.705555	0.806172	0.871947	0.910420	0.942082
POS-acc-std	2000	5000	10000	20000	50000
nochar	0.006815	0.005151	0.002511	0.001070	0.000698
tagchar	0.013708	0.004267	0.001954	0.000966	0.000737
mchar	0.005010	0.002672	0.001816	0.001142	0.001271
bothchar	0.010646	0.004332	0.001807	0.001621	0.000448
Att-F1-std	2000	5000	10000	20000	50000
nochar	0.011729	0.004400	0.004182	0.002280	0.001703
tagchar	0.017916	0.004760	0.009196	0.001419	0.002018
mchar	0.023541	0.007663	0.003936	0.001585	0.000624
bothchar	0.014836	0.006879	0.009013	0.001462	0.001365
