hi-polyglot:
POS-acc-avg	2000	5000	10000	20000	50000	100000	200000	281057
nochar	0.791124	0.880791	0.913139	0.929790	0.946600	0.954550	0.961513	0.964250
tagchar	0.797513	0.885578	0.917137	0.934248	0.948213	0.958191	0.964614	0.966215
mchar	0.791237	0.886254	0.912667	0.932714	0.946935	0.954709	0.961138	0.963688
bothchar	0.772951	0.883170	0.919698	0.935088	0.948423	0.958179	0.963342	0.965284
Att-F1-avg	2000	5000	10000	20000	50000	100000	200000	281057
nochar	0.794249	0.852785	0.896426	0.922565	0.940507	0.953088	0.959156	0.961496
tagchar	0.797474	0.852870	0.905104	0.931915	0.950520	0.958815	0.963413	0.965541
mchar	0.797072	0.852590	0.902283	0.925128	0.941392	0.953240	0.959248	0.962576
bothchar	0.797476	0.851844	0.906333	0.930326	0.950177	0.958703	0.963319	0.965344
POS-acc-std	2000	5000	10000	20000	50000	100000	200000	281057
nochar	0.016311	0.008684	0.001123	0.000991	0.001153	0.000515	0.000338	0.000612
tagchar	0.004702	0.005824	0.001734	0.000849	0.000371	0.001608	0.000542	0.000243
mchar	0.012589	0.007324	0.002644	0.001994	0.001133	0.001042	0.001000	0.000585
bothchar	0.005081	0.008913	0.002347	0.000964	0.001162	0.000105	0.000800	0.000307
Att-F1-std	2000	5000	10000	20000	50000	100000	200000	281057
nochar	0.003262	0.007913	0.004398	0.000690	0.001552	0.000884	0.000562	0.000622
tagchar	0.004014	0.007987	0.004405	0.001892	0.001531	0.000496	0.000778	0.000742
mchar	0.005737	0.008941	0.003214	0.002276	0.001259	0.000985	0.000733	0.000477
bothchar	0.004510	0.007414	0.004582	0.001221	0.001560	0.000216	0.000421	0.000795
cs-polyglot:
POS-acc-avg	2000	5000	10000	20000	50000	100000	200000	500000	1000000	1173282
nochar	0.793728	0.875447	0.901553	0.916906	0.934030	0.944654	0.952014	0.959609	0.964885	0.965401
tagchar	0.808682	0.889836	0.920052	0.942232	0.965333	0.972598	0.977147	0.981528	0.982982	0.983266
mchar	0.846301	0.906824	0.926857	0.939974	0.956632	0.964314	0.970055	0.975003	0.978155	0.978950
bothchar	0.827133	0.907864	0.932369	0.946270	0.963213	0.970098	0.975286	0.979554	0.981839	0.982310
Att-F1-avg	2000	5000	10000	20000	50000	100000	200000	500000	1000000	1173282
nochar	0.588305	0.666065	0.722099	0.772696	0.829903	0.857073	0.883855	0.906678	0.919465	0.922324
tagchar	0.597941	0.681052	0.744952	0.822904	0.890676	0.917527	0.934970	0.946458	0.951635	0.953402
mchar	0.608876	0.693610	0.758195	0.813255	0.856505	0.887034	0.908066	0.928166	0.939081	0.941932
bothchar	0.605340	0.703654	0.772585	0.844670	0.898190	0.920856	0.935791	0.947637	0.953130	0.955135
POS-acc-std	2000	5000	10000	20000	50000	100000	200000	500000	1000000	1173282
nochar	0.006776	0.004376	0.002039	0.002035	0.000849	0.001246	0.000427	0.000263	0.000574	0.000428
tagchar	0.008477	0.005170	0.001227	0.002007	0.000993	0.000510	0.000975	0.000209	0.000133	0.000251
mchar	0.004344	0.001948	0.001525	0.001650	0.001371	0.001011	0.000415	0.000215	0.000329	0.000481
bothchar	0.026166	0.003974	0.002109	0.001433	0.001586	0.000579	0.000665	0.000405	0.000490	0.000362
Att-F1-std	2000	5000	10000	20000	50000	100000	200000	500000	1000000	1173282
nochar	0.011919	0.004029	0.005554	0.005206	0.000775	0.001860	0.000661	0.000851	0.001344	0.000773
tagchar	0.011705	0.004591	0.010943	0.003906	0.004536	0.002519	0.001081	0.000792	0.001367	0.001184
mchar	0.015089	0.005773	0.009238	0.006600	0.002412	0.001642	0.000810	0.000455	0.001126	0.000488
bothchar	0.015222	0.008117	0.007419	0.003915	0.001408	0.001100	0.001179	0.000689	0.001022	0.001257
es-polyglot:
POS-acc-avg	2000	5000	10000	20000	50000	100000	200000	382436
nochar	0.842706	0.900704	0.925511	0.939842	0.947920	0.952119	0.955464	0.957566
tagchar	0.841031	0.909889	0.939094	0.948531	0.954187	0.958852	0.961527	0.964173
mchar	0.852226	0.918831	0.941104	0.948138	0.953891	0.957042	0.960498	0.962090
bothchar	0.842507	0.922724	0.944182	0.950682	0.955483	0.958673	0.961765	0.964226
Att-F1-avg	2000	5000	10000	20000	50000	100000	200000	382436
nochar	0.825605	0.884692	0.914704	0.929634	0.946401	0.958451	0.963748	0.968155
tagchar	0.792509	0.877307	0.924500	0.941248	0.961954	0.971754	0.976802	0.979504
mchar	0.810701	0.901590	0.925396	0.936335	0.953222	0.964213	0.969554	0.972773
bothchar	0.823070	0.907365	0.929089	0.943160	0.963071	0.971867	0.977007	0.979701
POS-acc-std	2000	5000	10000	20000	50000	100000	200000	382436
nochar	0.007074	0.004900	0.001748	0.000744	0.000816	0.000456	0.000755	0.000472
tagchar	0.009546	0.003692	0.002191	0.001017	0.001227	0.000308	0.000272	0.000316
mchar	0.007057	0.003859	0.001977	0.001105	0.001104	0.000515	0.000383	0.000251
bothchar	0.006997	0.001726	0.000977	0.000824	0.000745	0.000576	0.000615	0.000241
Att-F1-std	2000	5000	10000	20000	50000	100000	200000	382436
nochar	0.027947	0.011398	0.001399	0.000898	0.002570	0.001081	0.000235	0.000514
tagchar	0.034211	0.037920	0.001517	0.005336	0.002270	0.000650	0.000655	0.000553
mchar	0.055837	0.006266	0.001095	0.000369	0.003893	0.000803	0.000344	0.000335
bothchar	0.036023	0.003653	0.002460	0.004266	0.002509	0.000839	0.000261	0.000415
