hi-polyglot:
POS-acc-oov-avg	2000	5000	10000	20000	50000	100000	200000	281057
nochar	0.668029	0.720369	0.738431	0.753197	0.772314	0.773368	0.773500	0.784179
tagchar	0.646276	0.732498	0.770995	0.790639	0.803428	0.809492	0.819512	0.817007
mchar	0.655372	0.732762	0.747001	0.762690	0.767699	0.773896	0.772182	0.775214
bothchar	0.577456	0.732630	0.769018	0.785761	0.797891	0.801187	0.798945	0.804483
cs-polyglot:
POS-acc-oov-avg	2000	5000	10000	20000	50000	100000	200000	500000	1000000	1173282
nochar	0.601723	0.628967	0.652373	0.674600	0.687763	0.692856	0.698118	0.692594	0.690272	0.681097
tagchar	0.619755	0.672577	0.759011	0.823537	0.888231	0.900047	0.909952	0.915776	0.917536	0.916581
mchar	0.783578	0.827095	0.834510	0.842243	0.848610	0.849902	0.851287	0.852841	0.851830	0.852093
bothchar	0.766745	0.836813	0.848928	0.857448	0.869432	0.878569	0.886284	0.891864	0.897425	0.894055
es-polyglot:
POS-acc-oov-avg	2000	5000	10000	20000	50000	100000	200000	382436
nochar	0.662221	0.676502	0.725134	0.794967	0.836993	0.841711	0.844039	0.847814
tagchar	0.719283	0.804907	0.842529	0.858886	0.884492	0.891979	0.897137	0.901416
mchar	0.780308	0.849387	0.860648	0.869393	0.879899	0.885813	0.888393	0.887512
bothchar	0.774520	0.866813	0.879333	0.880843	0.887575	0.892608	0.899402	0.901101
