hu-polyglot:
POS-acc-avg	2000	5000	10000	20000	33017
mchar	0.770759	0.865593	0.920728	0.941560	0.949592
bothchar	0.726668	0.871784	0.916879	0.939720	0.951893
Att-F1-avg	2000	5000	10000	20000	33017
mchar	0.711403	0.756684	0.781434	0.809686	0.837673
bothchar	0.699024	0.757583	0.792339	0.825722	0.859276
POS-acc-std	2000	5000	10000	20000	33017
mchar	0.010411	0.009474	0.003977	0.002184	0.000916
bothchar	0.025936	0.011583	0.001540	0.002231	0.001025
Att-F1-std	2000	5000	10000	20000	33017
mchar	0.009620	0.004724	0.015881	0.007904	0.007222
bothchar	0.014997	0.004320	0.005372	0.005889	0.006280
tr-polyglot:
POS-acc-avg	2000	5000	10000	20000	41748
mchar	0.705287	0.815386	0.856778	0.883168	0.907704
bothchar	0.691957	0.801446	0.852621	0.887438	0.910709
Att-F1-avg	2000	5000	10000	20000	41748
mchar	0.663824	0.733157	0.776832	0.812642	0.847140
bothchar	0.668160	0.751818	0.818441	0.876493	0.906685
POS-acc-std	2000	5000	10000	20000	41748
mchar	0.008510	0.004761	0.002546	0.002034	0.002012
bothchar	0.015396	0.007189	0.001955	0.001164	0.001029
Att-F1-std	2000	5000	10000	20000	41748
mchar	0.009977	0.005244	0.002176	0.003615	0.002723
bothchar	0.006239	0.007446	0.003254	0.002738	0.002413
he-polyglot:
POS-acc-avg	2000	5000	10000	20000	50000	100000	135496
mchar	0.746235	0.854460	0.896350	0.922752	0.945932	0.958982	0.963699
bothchar	0.686327	0.846804	0.892398	0.926082	0.946502	0.959605	0.964056
Att-F1-avg	2000	5000	10000	20000	50000	100000	135496
mchar	0.578512	0.687706	0.796012	0.854084	0.894548	0.915955	0.922988
bothchar	0.549931	0.676714	0.786434	0.865776	0.906032	0.933950	0.940275
POS-acc-std	2000	5000	10000	20000	50000	100000	135496
mchar	0.018928	0.002679	0.004033	0.001143	0.002240	0.001907	0.000741
bothchar	0.020849	0.003213	0.002791	0.001579	0.002597	0.001228	0.000567
Att-F1-std	2000	5000	10000	20000	50000	100000	135496
mchar	0.023739	0.023887	0.017225	0.002545	0.001057	0.002346	0.002304
bothchar	0.007083	0.022727	0.027326	0.002805	0.002109	0.001038	0.001496
es-polyglot:
POS-acc-avg	2000	5000	10000	20000	50000	100000	200000	382436
mchar	0.809928	0.883543	0.917520	0.933725	0.947454	0.952687	0.957911	0.961299
bothchar	0.796141	0.877072	0.916676	0.935618	0.948061	0.954182	0.959153	0.962197
Att-F1-avg	2000	5000	10000	20000	50000	100000	200000	382436
mchar	0.759039	0.876956	0.917978	0.940467	0.960909	0.967349	0.971791	0.975599
bothchar	0.737458	0.866703	0.916825	0.943136	0.963677	0.971180	0.976308	0.979490
POS-acc-std	2000	5000	10000	20000	50000	100000	200000	382436
mchar	0.024726	0.007028	0.001564	0.001504	0.000951	0.000367	0.000416	0.000338
bothchar	0.007251	0.005158	0.001632	0.000886	0.000621	0.000656	0.000566	0.000843
Att-F1-std	2000	5000	10000	20000	50000	100000	200000	382436
mchar	0.021722	0.025207	0.001444	0.001427	0.000369	0.000330	0.000398	0.000262
bothchar	0.054346	0.043915	0.002770	0.002606	0.001126	0.000646	0.000197	0.000117
ta-polyglot:
POS-acc-avg	2000	5000	6329
mchar	0.702930	0.792874	0.818052
bothchar	0.703563	0.786382	0.809026
Att-F1-avg	2000	5000	6329
mchar	0.732430	0.801483	0.816372
bothchar	0.731733	0.818629	0.834280
POS-acc-std	2000	5000	6329
mchar	0.005141	0.002988	0.006381
bothchar	0.002988	0.007501	0.004546
Att-F1-std	2000	5000	6329
mchar	0.007051	0.004877	0.004922
bothchar	0.005859	0.003767	0.005682
